      0.0    0.05    0.1    0.15    0.2    0.25    0.3    0.35    0.4    0.45    0.5    0.55    0.6    0.65    0.7    0.75    0.8    0.85    0.9    0.95    1.0
--  -----  ------  -----  ------  -----  ------  -----  ------  -----  ------  -----  ------  -----  ------  -----  ------  -----  ------  -----  ------  -----
 2    120       4      0       0      0       0      0       0      0       0      0       0      0       0      0       0      0       0      0       0      0
 3    456      24     12       2      0       1      1       0      0       0      1       0      0       0      1       0      0       0      0       0      0
 4   1217      55     31      21      6       6      5       4      1       3      2       1      1       0      0       0      0       0      0       0      1
 5   1522     105     41      24     12      14      7      12     11       8      8       5      4       1      4       2      0       1      0       2      0
 6   1610     174     79      66     48      27     16      11     21      14      8       7     10       7      7       6      3       8      5       1      0
 7   1310     217    113      63     45      37     30      18     17      18     17      15      9      11      5       6      8       9      5       5      5
 8    948     222    119      76     45      23     34      36     21      24     25      27     14       9     19       5      9       7      6       7      9
 9    445     130     88      62     47      27     29      36     21      21     20      20     16       7     21      13     11      12      6       9      9
10    220      83     60      44     37      29     19      18     22      14     18       8     16      10      6       8     12      15      8      11      7
11    163      39     31      25     16      17     11       6     11       8      2       5      7       4      3       5      8       5      5       9     15
12     17      17     11       9      9       5      3      10     11       8     10       1      2       3      8       6      4       1      5       7      2
13     10       7      5       5      4       3      8       6      5       2      3       3      2       0      1       1      1       0      3       2      3
14     12       7      2       1      1       0      0       1      1       0      2       4      2       0      0       3      1       1      1       2      2
15      1       1      1       0      0       1      0       0      2       0      0       0      0       0      1       0      1       0      1       1      0
16      5       1      0       0      1       0      2       0      1       0      0       1      0       1      0       0      2       1      0       0      0
17      0       4      0       0      0       1      2       0      0       0      0       1      0       0      0       0      0       0      0       0      0
18      0       0      0       0      1       0      0       1      0       1      0       0      0       0      0       0      0       0      0       0      0
20      0       0      0       0      0       0      0       0      0       0      0       0      0       0      0       0      0       0      0       0      1
21      1       0      0       0      0       0      0       0      0       0      0       0      0       0      0       0      0       0      0       0      0