        0.0    0.05    0.1    0.15    0.2    0.25    0.3    0.35    0.4    0.45    0.5    0.55    0.6    0.65    0.7    0.75    0.8    0.85    0.9    0.95    1.0
----  -----  ------  -----  ------  -----  ------  -----  ------  -----  ------  -----  ------  -----  ------  -----  ------  -----  ------  -----  ------  -----
CC        0       1      0       0      0       0      0       0      0       0      0       0      0       0      0       0      0       0      0       0      0
CD        0       1      0       0      0       0      0       0      0       0      0       0      0       0      0       0      0       0      0       0      0
FW       11       0      0       0      0       0      0       0      0       0      0       0      0       0      0       0      0       0      0       0      0
IN        4       4      4       2      3       1      2       1      0       0      1       1      0       0      0       0      0       0      0       0      0
JJ      745     104     78      41     33      28     32      31     28      29     23      16     15       6     10      11      9       5      7       5      5
JJR      22       0      0       1      0       0      0       0      0       0      0       0      0       0      0       0      0       0      0       0      0
JJS      34       2      0       0      0       1      0       1      0       0      0       2      0       0      0       1      0       0      0       0      0
MD        2       0      0       0      0       0      0       0      0       0      0       0      0       0      0       0      0       0      0       0      0
NN     2215     350    216     160    100      74     52      47     51      44     42      32     32      22     27      15     21      22     16      14     19
NNP    2275     152     44       8      7       5      1       0      2       0      1       1      1       0      0       0      0       0      0       0      0
NNPS     80       5      0       0      0       0      0       0      0       0      0       0      0       0      0       0      0       0      0       0      0
NNS    1111     147     97      69     50      25     28      26     19      14     15      15      8       5     10       6      9       7      5       6     10
RB      169      42     17      10      3       8      4       3      2       3      1       4      1       0      3       3      1       0      2       0      1
RBR       3       1      0       0      0       0      0       0      0       0      0       0      0       0      0       0      0       0      0       0      0
RP        2       4      0       1      0       0      1       0      0       0      0       0      0       0      0       0      0       0      0       0      0
VB      274      43     21      14     18       6      8       7      8       3      4       5      3       6      8       5      3       2      2       3      1
VBD     365      77     32      29     19      17      9      14     10       5      7       6      3       5      3       5      6       7      3      10      1
VBG     211      52     18      28     14       8     10      10     14       8      4       5      6       5      4       4      4       5      2       9      2
VBN     292      76     54      28     17      11     16      13      9      12     17       8     11       4     11       3      5      11      6       7     12
VBP      48       7      6       2      2       4      0       1      0       0      0       1      0       0      0       0      0       1      0       0      0
VBZ      83       8      5       3      3       1      1       3      0       2      1       1      1       0      0       2      0       0      2       2      1