id,label
14003,0.044336384494296444
14004,0.044336384494296444
14005,0.5333344729566916
14006,0.044336384494296444
14007,0.044336384494296444
14008,0.044336384494296444
14009,0.044336384494296444
14010,0.04768456558468419
14011,0.04768456558468419
14012,0.088387087022578
14013,0.04792925484370295
14014,0.044336384494296444
14015,0.04465870533226258
14016,0.07533615823932606
14017,0.07533615823932606
14018,0.044336384494296444
14019,0.16933682509790737
14020,0.044336384494296444
14021,0.044336384494296444
14022,0.044336384494296444
14023,0.10860884054761652
14024,0.044336384494296444
14025,0.044336384494296444
14026,0.044336384494296444
14027,0.044336384494296444
14028,0.044336384494296444
14029,0.044336384494296444
14030,0.044336384494296444
14031,0.044336384494296444
14032,0.044336384494296444
14033,0.044336384494296444
14034,0.044336384494296444
14035,0.044336384494296444
14036,0.044336384494296444
14037,0.044336384494296444
14038,0.044336384494296444
14039,0.0447971003569611
14040,0.044336384494296444
14041,0.044336384494296444
14042,0.044336384494296444
14043,0.044336384494296444
14044,0.05466464000681192
14045,0.044336384494296444
14046,0.044336384494296444
14047,0.044336384494296444
14048,0.044336384494296444
14049,0.044336384494296444
14050,0.044336384494296444
14051,0.044336384494296444
14052,0.044336384494296444
14053,0.044336384494296444
14054,0.044336384494296444
14055,0.044336384494296444
14056,0.04514630141292915
14057,0.044336384494296444
14058,0.044336384494296444
14059,0.044336384494296444
14060,0.044336384494296444
14061,0.044336384494296444
14062,0.044336384494296444
14063,0.044336384494296444
14064,0.044336384494296444
14065,0.044336384494296444
14066,0.044336384494296444
14067,0.044336384494296444
14068,0.044336384494296444
14069,0.044336384494296444
14070,0.044336384494296444
14071,0.044336384494296444
14072,0.044336384494296444
14073,0.25920789636370273
14074,0.044336384494296444
14075,0.044336384494296444
14076,0.044336384494296444
14077,0.044336384494296444
14078,0.044336384494296444
14079,0.044336384494296444
14080,0.044336384494296444
14081,0.044336384494296444
14082,0.044336384494296444
14083,0.044336384494296444
14084,0.044336384494296444
14085,0.4732762008208962
14086,0.044336384494296444
14087,0.044336384494296444
14088,0.044336384494296444
14089,0.044336384494296444
14090,0.044336384494296444
14091,0.044336384494296444
14092,0.044336384494296444
14093,0.044336384494296444
14094,0.04457047954491512
14095,0.044336384494296444
14096,0.044336384494296444
14097,0.044336384494296444
14098,0.044336384494296444
14099,0.044336384494296444
14100,0.044336384494296444
14101,0.044336384494296444
14102,0.044336384494296444
14103,0.044336384494296444
14104,0.044336384494296444
14105,0.044336384494296444
14106,0.044336384494296444
14107,0.16951544230352578
14108,0.044336384494296444
14109,0.044336384494296444
14110,0.044336384494296444
14111,0.044336384494296444
14112,0.044336384494296444
14113,0.044336384494296444
14114,0.044336384494296444
14115,0.044336384494296444
14116,0.044336384494296444
14117,0.044336384494296444
14118,0.044336384494296444
14119,0.044336384494296444
14120,0.044336384494296444
14121,0.044336384494296444
14122,0.044336384494296444
14123,0.044336384494296444
14124,0.044336384494296444
14125,0.044336384494296444
14126,0.044336384494296444
14127,0.044336384494296444
14128,0.044336384494296444
14129,0.044336384494296444
14130,0.044336384494296444
14131,0.044336384494296444
14132,0.044336384494296444
14133,0.2830082233995653
14134,0.2830082233995653
14135,0.044336384494296444
14136,0.044336384494296444
14137,0.044336384494296444
14138,0.044336384494296444
14139,0.044336384494296444
14140,0.044336384494296444
14141,0.044336384494296444
14142,0.044336384494296444
14143,0.044336384494296444
14144,0.044336384494296444
14145,0.044336384494296444
14146,0.044336384494296444
14147,0.044336384494296444
14148,0.044336384494296444
14149,0.044336384494296444
14150,0.044336384494296444
14151,0.044336384494296444
14152,0.044336384494296444
14153,0.044336384494296444
14154,0.044336384494296444
14155,0.044336384494296444
14156,0.2830082233995653
14157,0.044336384494296444
14158,0.044336384494296444
14159,0.044336384494296444
14160,0.044336384494296444
14161,0.044336384494296444
14162,0.044336384494296444
14163,0.04464087900933078
14164,0.04464087900933078
14165,0.044336384494296444
14166,0.044336384494296444
14167,0.044336384494296444
14168,0.044336384494296444
14169,0.044336384494296444
14170,0.044336384494296444
14171,0.044336384494296444
14172,0.044336384494296444
14173,0.044336384494296444
14174,0.044336384494296444
14175,0.044336384494296444
14176,0.044336384494296444
14177,0.044336384494296444
14178,0.044336384494296444
14179,0.044336384494296444
14180,0.044336384494296444
14181,0.044336384494296444
14182,0.044336384494296444
14183,0.044336384494296444
14184,0.044336384494296444
14185,0.044336384494296444
14186,0.044336384494296444
14187,0.044336384494296444
14188,0.044336384494296444
14189,0.044336384494296444
14190,0.044336384494296444
14191,0.044336384494296444
14192,0.25920789636370273
14193,0.044336384494296444
14194,0.2362406176004715
14195,0.044336384494296444
14196,0.044336384494296444
14197,0.044336384494296444
14198,0.044336384494296444
14199,0.044336384494296444
14200,0.044336384494296444
14201,0.044336384494296444
14202,0.044336384494296444
14203,0.044336384494296444
14204,0.044529315311410946
14205,0.044336384494296444
14206,0.044336384494296444
14207,0.044336384494296444
14208,0.09781668355853873
14209,0.044336384494296444
14210,0.4767082017882895
14211,0.044336384494296444
14212,0.4927954329523385
14213,0.044336384494296444
14214,0.044336384494296444
14215,0.07873165495518247
14216,0.044336384494296444
14217,0.044336384494296444
14218,0.044336384494296444
14219,0.044336384494296444
14220,0.044336384494296444
14221,0.044336384494296444
14222,0.044336384494296444
14223,0.044336384494296444
14224,0.044336384494296444
14225,0.044336384494296444
14226,0.044336384494296444
14227,0.044336384494296444
14228,0.04846894125173635
14229,0.04846894125173635
14230,0.45095291101777846
14231,0.044336384494296444
14232,0.044336384494296444
14233,0.044336384494296444
14234,0.044336384494296444
14235,0.19829736649361607
14236,0.044336384494296444
14237,0.044336384494296444
14238,0.12918652032361785
14239,0.044336384494296444
14240,0.044336384494296444
14241,0.044336384494296444
14242,0.044336384494296444
14243,0.044336384494296444
14244,0.044336384494296444
14245,0.044336384494296444
14246,0.05044720550699086
14247,0.044336384494296444
14248,0.044336384494296444
14249,0.044336384494296444
14250,0.2830082233995653
14251,0.14624867994191165
14252,0.044336384494296444
14253,0.044336384494296444
14254,0.044336384494296444
14255,0.044336384494296444
14256,0.044336384494296444
14257,0.044336384494296444
14258,0.044336384494296444
14259,0.044336384494296444
14260,0.044336384494296444
14261,0.044336384494296444
14262,0.044336384494296444
14263,0.044336384494296444
14264,0.044336384494296444
14265,0.044336384494296444
14266,0.044336384494296444
14267,0.044336384494296444
14268,0.044336384494296444
14269,0.044336384494296444
14270,0.044336384494296444
14271,0.044336384494296444
14272,0.044336384494296444
14273,0.044336384494296444
14274,0.044336384494296444
14275,0.044336384494296444
14276,0.044336384494296444
14277,0.044336384494296444
14278,0.044336384494296444
14279,0.11538589563410037
14280,0.12929804158360725
14281,0.04510163042643747
14282,0.044336384494296444
14283,0.044336384494296444
14284,0.044336384494296444
14285,0.16951544230352578
14286,0.044336384494296444
14287,0.044336384494296444
14288,0.044336384494296444
14289,0.044336384494296444
14290,0.044336384494296444
14291,0.044336384494296444
14292,0.044336384494296444
14293,0.044336384494296444
14294,0.044336384494296444
14295,0.044336384494296444
14296,0.044336384494296444
14297,0.2830082233995653
14298,0.044336384494296444
14299,0.07349048836425386
14300,0.15837530744957123
14301,0.044336384494296444
14302,0.38417237108317404
14303,0.044336384494296444
14304,0.044336384494296444
14305,0.044336384494296444
14306,0.044336384494296444
14307,0.044336384494296444
14308,0.044336384494296444
14309,0.044336384494296444
14310,0.044336384494296444
14311,0.044336384494296444
14312,0.044336384494296444
14313,0.044336384494296444
14314,0.044336384494296444
14315,0.044336384494296444
14316,0.1811010786513945
14317,0.044336384494296444
14318,0.044336384494296444
14319,0.044336384494296444
14320,0.044336384494296444
14321,0.04429088617753452
14322,0.044336384494296444
14323,0.044336384494296444
14324,0.044336384494296444
14325,0.044336384494296444
14326,0.044336384494296444
14327,0.044336384494296444
14328,0.044336384494296444
14329,0.044336384494296444
14330,0.5872797810791788
14331,0.044336384494296444
14332,0.044336384494296444
14333,0.044336384494296444
14334,0.05961245594771065
14335,0.044336384494296444
14336,0.044336384494296444
14337,0.1412839535338591
14338,0.044336384494296444
14339,0.08465076132897652
14340,0.044336384494296444
14341,0.044336384494296444
14342,0.044293081205238886
14343,0.044336384494296444
14344,0.044293081205238886
14345,0.044336384494296444
14346,0.044336384494296444
14347,0.044336384494296444
14348,0.044336384494296444
14349,0.044336384494296444
14350,0.044336384494296444
14351,0.044336384494296444
14352,0.044336384494296444
14353,0.044336384494296444
14354,0.044336384494296444
14355,0.044336384494296444
14356,0.07203098805898905
14357,0.044336384494296444
14358,0.044336384494296444
14359,0.04852437698029896
14360,0.044336384494296444
14361,0.22597907261794864
14362,0.044336384494296444
14363,0.3287133499438382
14364,0.044336384494296444
14365,0.044336384494296444
14366,0.044336384494296444
14367,0.044336384494296444
14368,0.044336384494296444
14369,0.044336384494296444
14370,0.044336384494296444
14371,0.044336384494296444
14372,0.044336384494296444
14373,0.044336384494296444
14374,0.044336384494296444
14375,0.044336384494296444
14376,0.06521735403595297
14377,0.044336384494296444
14378,0.044336384494296444
14379,0.044336384494296444
14380,0.044336384494296444
14381,0.044336384494296444
14382,0.044336384494296444
14383,0.044336384494296444
14384,0.044336384494296444
14385,0.044336384494296444
14386,0.04736915277897047
14387,0.044336384494296444
14388,0.044336384494296444
14389,0.044336384494296444
14390,0.044336384494296444
14391,0.04648147825058282
14392,0.1412839535338591
14393,0.044336384494296444
14394,0.11317799417612194
14395,0.044336384494296444
14396,0.044336384494296444
14397,0.044336384494296444
14398,0.044336384494296444
14399,0.044336384494296444
14400,0.044336384494296444
14401,0.044336384494296444
14402,0.044336384494296444
14403,0.04676720744886731
14404,0.044336384494296444
14405,0.044336384494296444
14406,0.044336384494296444
14407,0.07679478461995319
14408,0.044336384494296444
14409,0.044336384494296444
14410,0.044336384494296444
14411,0.044336384494296444
14412,0.044336384494296444
14413,0.044336384494296444
14414,0.044336384494296444
14415,0.044336384494296444
14416,0.044336384494296444
14417,0.044336384494296444
14418,0.329386774881789
14419,0.044336384494296444
14420,0.044336384494296444
14421,0.044336384494296444
14422,0.044336384494296444
14423,0.044336384494296444
14424,0.3287133499438382
14425,0.044336384494296444
14426,0.044336384494296444
14427,0.0447971003569611
14428,0.044849512821947095
14429,0.044336384494296444
14430,0.6250668843069593
14431,0.044336384494296444
14432,0.13131781617652047
14433,0.044336384494296444
14434,0.044336384494296444
14435,0.044336384494296444
14436,0.044336384494296444
14437,0.044336384494296444
14438,0.044336384494296444
14439,0.044336384494296444
14440,0.044336384494296444
14441,0.044336384494296444
14442,0.19493982520758624
14443,0.044336384494296444
14444,0.044336384494296444
14445,0.2558739987663788
14446,0.044336384494296444
14447,0.044336384494296444
14448,0.044336384494296444
14449,0.044336384494296444
14450,0.05540972432796649
14451,0.044336384494296444
14452,0.044336384494296444
14453,0.044336384494296444
14454,0.044336384494296444
14455,0.044336384494296444
14456,0.044336384494296444
14457,0.08360717683162007
14458,0.08360717683162007
14459,0.04525393864220498
14460,0.044336384494296444
14461,0.044336384494296444
14462,0.044336384494296444
14463,0.044336384494296444
14464,0.04495473539202453
14465,0.044336384494296444
14466,0.0442625296810688
14467,0.08360717683162007
14468,0.044336384494296444
14469,0.044336384494296444
14470,0.044336384494296444
14471,0.044336384494296444
14472,0.044336384494296444
14473,0.044336384494296444
14474,0.044336384494296444
14475,0.0992446366033297
14476,0.07072925431030498
14477,0.07462565532610603
14478,0.044336384494296444
14479,0.044336384494296444
14480,0.4827275687581513
14481,0.044336384494296444
14482,0.044336384494296444
14483,0.20452222192312364
14484,0.33834476823221427
14485,0.044336384494296444
14486,0.044336384494296444
14487,0.044336384494296444
14488,0.32622831981951583
14489,0.044336384494296444
14490,0.044336384494296444
14491,0.044336384494296444
14492,0.044336384494296444
14493,0.044336384494296444
14494,0.044336384494296444
14495,0.044336384494296444
14496,0.14646941079981493
14497,0.1351989861096639
14498,0.044336384494296444
14499,0.044336384494296444
14500,0.1528528644333091
14501,0.044336384494296444
14502,0.044336384494296444
14503,0.044336384494296444
14504,0.044336384494296444
14505,0.044336384494296444
14506,0.044336384494296444
14507,0.044336384494296444
14508,0.044336384494296444
14509,0.5079373672577993
14510,0.044336384494296444
14511,0.044336384494296444
14512,0.6610562591751211
14513,0.044336384494296444
14514,0.044336384494296444
14515,0.044336384494296444
14516,0.044336384494296444
14517,0.044336384494296444
14518,0.044336384494296444
14519,0.044336384494296444
14520,0.044336384494296444
14521,0.18879192994844857
14522,0.18879192994844857
14523,0.044336384494296444
14524,0.044336384494296444
14525,0.044336384494296444
14526,0.044336384494296444
14527,0.044336384494296444
14528,0.16951544230352578
14529,0.044336384494296444
14530,0.044336384494296444
14531,0.044336384494296444
14532,0.044336384494296444
14533,0.044336384494296444
14534,0.07175530839566258
14535,0.044336384494296444
14536,0.044336384494296444
14537,0.044336384494296444
14538,0.044336384494296444
14539,0.044336384494296444
14540,0.044336384494296444
14541,0.044336384494296444
14542,0.5004127749639415
14543,0.044336384494296444
14544,0.21521136103757524
14545,0.044336384494296444
14546,0.044336384494296444
14547,0.044336384494296444
14548,0.044336384494296444
14549,0.044336384494296444
14550,0.044336384494296444
14551,0.044336384494296444
14552,0.044336384494296444
14553,0.05659194817358295
14554,0.044336384494296444
14555,0.044336384494296444
14556,0.049380538840324194
14557,0.044336384494296444
14558,0.044336384494296444
14559,0.044336384494296444
14560,0.05337334173441616
14561,0.20536181553590008
14562,0.044336384494296444
14563,0.044336384494296444
14564,0.044336384494296444
14565,0.044336384494296444
14566,0.044336384494296444
14567,0.044336384494296444
14568,0.044336384494296444
14569,0.044336384494296444
14570,0.044336384494296444
14571,0.044336384494296444
14572,0.044336384494296444
14573,0.044336384494296444
14574,0.044336384494296444
14575,0.044336384494296444
14576,0.044336384494296444
14577,0.044336384494296444
14578,0.044336384494296444
14579,0.044336384494296444
14580,0.044336384494296444
14581,0.044336384494296444
14582,0.044336384494296444
14583,0.044336384494296444
14584,0.044336384494296444
14585,0.044336384494296444
14586,0.044336384494296444
14587,0.044336384494296444
14588,0.044336384494296444
14589,0.044336384494296444
14590,0.044336384494296444
14591,0.044336384494296444
14592,0.044336384494296444
14593,0.044336384494296444
14594,0.044336384494296444
14595,0.044336384494296444
14596,0.044336384494296444
14597,0.044336384494296444
14598,0.044336384494296444
14599,0.044336384494296444
14600,0.044336384494296444
14601,0.044336384494296444
14602,0.044986798866188615
14603,0.044336384494296444
14604,0.044336384494296444
14605,0.044336384494296444
14606,0.044336384494296444
14607,0.044336384494296444
14608,0.044336384494296444
14609,0.044336384494296444
14610,0.05579223431597923
14611,0.044336384494296444
14612,0.044336384494296444
14613,0.044336384494296444
14614,0.044336384494296444
14615,0.044336384494296444
14616,0.07550418333416375
14617,0.044336384494296444
14618,0.046034577429872166
14619,0.044336384494296444
14620,0.044336384494296444
14621,0.044336384494296444
14622,0.044336384494296444
14623,0.044336384494296444
14624,0.044336384494296444
14625,0.044336384494296444
14626,0.044336384494296444
14627,0.044336384494296444
14628,0.044336384494296444
14629,0.044336384494296444
14630,0.044336384494296444
14631,0.044336384494296444
14632,0.044336384494296444
14633,0.044336384494296444
14634,0.044336384494296444
14635,0.044336384494296444
14636,0.044336384494296444
14637,0.044336384494296444
14638,0.6610562591751211
14639,0.044336384494296444
14640,0.044336384494296444
14641,0.044336384494296444
14642,0.044336384494296444
14643,0.044336384494296444
14644,0.044336384494296444
14645,0.044336384494296444
14646,0.044336384494296444
14647,0.044336384494296444
14648,0.044336384494296444
14649,0.044336384494296444
14650,0.1528528644333091
14651,0.044336384494296444
14652,0.044336384494296444
14653,0.044336384494296444
14654,0.044336384494296444
14655,0.044336384494296444
14656,0.044336384494296444
14657,0.044336384494296444
14658,0.044336384494296444
14659,0.044336384494296444
14660,0.044336384494296444
14661,0.044336384494296444
14662,0.044336384494296444
14663,0.044336384494296444
14664,0.044336384494296444
14665,0.044336384494296444
14666,0.044336384494296444
14667,0.044336384494296444
14668,0.044336384494296444
14669,0.044336384494296444
14670,0.044336384494296444
14671,0.044336384494296444
14672,0.044336384494296444
14673,0.044336384494296444
14674,0.044336384494296444
14675,0.044336384494296444
14676,0.044336384494296444
14677,0.044336384494296444
14678,0.044336384494296444
14679,0.044336384494296444
14680,0.044336384494296444
14681,0.044336384494296444
14682,0.044336384494296444
14683,0.044336384494296444
14684,0.044336384494296444
14685,0.044336384494296444
14686,0.044336384494296444
14687,0.044336384494296444
14688,0.044336384494296444
14689,0.044336384494296444
14690,0.044336384494296444
14691,0.044336384494296444
14692,0.044336384494296444
14693,0.044336384494296444
14694,0.044336384494296444
14695,0.044336384494296444
14696,0.044336384494296444
14697,0.044336384494296444
14698,0.044336384494296444
14699,0.044336384494296444
14700,0.044336384494296444
14701,0.044336384494296444
14702,0.044336384494296444
14703,0.045559576734715876
14704,0.044336384494296444
14705,0.044336384494296444
14706,0.044336384494296444
14707,0.044336384494296444
14708,0.044336384494296444
14709,0.044336384494296444
14710,0.044336384494296444
14711,0.044336384494296444
14712,0.044336384494296444
14713,0.044336384494296444
14714,0.044336384494296444
14715,0.044336384494296444
14716,0.052880280995163786
14717,0.044336384494296444
14718,0.044336384494296444
14719,0.044336384494296444
14720,0.044336384494296444
14721,0.044336384494296444
14722,0.044336384494296444
14723,0.044336384494296444
14724,0.044336384494296444
14725,0.044336384494296444
14726,0.044336384494296444
14727,0.044336384494296444
14728,0.044336384494296444
14729,0.044336384494296444
14730,0.044336384494296444
14731,0.044336384494296444
14732,0.044336384494296444
14733,0.044336384494296444
14734,0.044336384494296444
14735,0.044336384494296444
14736,0.044336384494296444
14737,0.044336384494296444
14738,0.044336384494296444
14739,0.044336384494296444
14740,0.06295658485547151
14741,0.044336384494296444
14742,0.044336384494296444
14743,0.044336384494296444
14744,0.044336384494296444
14745,0.044336384494296444
14746,0.044336384494296444
14747,0.09537633483311389
14748,0.044336384494296444
14749,0.044336384494296444
14750,0.044336384494296444
14751,0.0449896337931895
14752,0.044336384494296444
14753,0.044336384494296444
14754,0.044336384494296444
14755,0.044336384494296444
14756,0.044336384494296444
14757,0.044336384494296444
14758,0.04457047954491512
14759,0.044336384494296444
14760,0.044336384494296444
14761,0.044336384494296444
14762,0.044336384494296444
14763,0.044336384494296444
14764,0.044336384494296444
14765,0.0449896337931895
14766,0.044336384494296444
14767,0.17024032315411589
14768,0.044336384494296444
14769,0.044336384494296444
14770,0.044336384494296444
14771,0.17024032315411589
14772,0.41808433300723763
14773,0.044336384494296444
14774,0.044336384494296444
14775,0.044336384494296444
14776,0.044336384494296444
14777,0.044336384494296444
14778,0.044336384494296444
14779,0.044336384494296444
14780,0.044336384494296444
14781,0.044336384494296444
14782,0.044336384494296444
14783,0.044336384494296444
14784,0.049869845813256944
14785,0.6519106502094346
14786,0.044336384494296444
14787,0.044336384494296444
14788,0.044336384494296444
14789,0.044336384494296444
14790,0.044336384494296444
14791,0.044336384494296444
14792,0.044336384494296444
14793,0.044336384494296444
14794,0.044336384494296444
14795,0.5631876553028459
14796,0.6326125167910712
14797,0.6519106502094346
14798,0.044336384494296444
14799,0.044336384494296444
14800,0.044336384494296444
14801,0.044336384494296444
14802,0.044336384494296444
14803,0.15648350899080854
14804,0.044336384494296444
14805,0.044336384494296444
14806,0.044336384494296444
14807,0.044336384494296444
14808,0.044294383381684184
14809,0.044294383381684184
14810,0.07267235803443413
14811,0.04460151598621379
14812,0.07280565865081988
14813,0.044336384494296444
14814,0.044336384494296444
14815,0.044542290068274024
14816,0.15648350899080854
14817,0.044336384494296444
14818,0.044336384494296444
14819,0.044336384494296444
14820,0.044336384494296444
14821,0.044336384494296444
14822,0.044336384494296444
14823,0.044336384494296444
14824,0.044336384494296444
14825,0.044336384494296444
14826,0.04448229006827402
14827,0.044336384494296444
14828,0.18379237031482257
14829,0.044336384494296444
14830,0.044336384494296444
14831,0.044336384494296444
14832,0.044336384494296444
14833,0.19913611646775983
14834,0.09827018027411212
14835,0.3228819260544518
14836,0.6299228170667048
14837,0.044336384494296444
14838,0.044336384494296444
14839,0.044336384494296444
14840,0.6519106502094346
14841,0.044336384494296444
14842,0.044336384494296444
14843,0.044336384494296444
14844,0.044336384494296444
14845,0.12423283734862813
14846,0.42035553068453346
14847,0.11960390927513055
14848,0.044336384494296444
14849,0.5464772076076259
14850,0.044336384494296444
14851,0.044336384494296444
14852,0.044336384494296444
14853,0.044336384494296444
14854,0.044336384494296444
14855,0.044336384494296444
14856,0.044336384494296444
14857,0.044336384494296444
14858,0.33656551840359517
14859,0.044336384494296444
14860,0.044336384494296444
14861,0.044336384494296444
14862,0.044336384494296444
14863,0.247507196364389
14864,0.21316716488960918
14865,0.04448229006827402
14866,0.044336384494296444
14867,0.044336384494296444
14868,0.044336384494296444
14869,0.044336384494296444
14870,0.044336384494296444
14871,0.044336384494296444
14872,0.044336384494296444
14873,0.04512716947755452
14874,0.04991712459076184
14875,0.044336384494296444
14876,0.044336384494296444
14877,0.044336384494296444
14878,0.044336384494296444
14879,0.050282877355753604
14880,0.044336384494296444
14881,0.044336384494296444
14882,0.044336384494296444
14883,0.044336384494296444
14884,0.044336384494296444
14885,0.044336384494296444
14886,0.044336384494296444
14887,0.044336384494296444
14888,0.044336384494296444
14889,0.044336384494296444
14890,0.044336384494296444
14891,0.044336384494296444
14892,0.044336384494296444
14893,0.044336384494296444
14894,0.044336384494296444
14895,0.044336384494296444
14896,0.044336384494296444
14897,0.044336384494296444
14898,0.044336384494296444
14899,0.044336384494296444
14900,0.044336384494296444
14901,0.044336384494296444
14902,0.044336384494296444
14903,0.044336384494296444
14904,0.044336384494296444
14905,0.044336384494296444
14906,0.044336384494296444
14907,0.044336384494296444
14908,0.044336384494296444
14909,0.044336384494296444
14910,0.044336384494296444
14911,0.044336384494296444
14912,0.044336384494296444
14913,0.044336384494296444
14914,0.044336384494296444
14915,0.044336384494296444
14916,0.044336384494296444
14917,0.044336384494296444
14918,0.044336384494296444
14919,0.044336384494296444
14920,0.044336384494296444
14921,0.04464087900933078
14922,0.04464087900933078
14923,0.04464087900933078
14924,0.044336384494296444
14925,0.044336384494296444
14926,0.044336384494296444
14927,0.044336384494296444
14928,0.044336384494296444
14929,0.5868015878734013
14930,0.044336384494296444
14931,0.044336384494296444
14932,0.044336384494296444
14933,0.044336384494296444
14934,0.044336384494296444
14935,0.044336384494296444
14936,0.044336384494296444
14937,0.044336384494296444
14938,0.044336384494296444
14939,0.044336384494296444
14940,0.044336384494296444
14941,0.044336384494296444
14942,0.044336384494296444
14943,0.2336508053980212
14944,0.5494738076351858
14945,0.044336384494296444
14946,0.044336384494296444
14947,0.044336384494296444
14948,0.044336384494296444
14949,0.044336384494296444
14950,0.044336384494296444
14951,0.044336384494296444
14952,0.044336384494296444
14953,0.044336384494296444
14954,0.044336384494296444
14955,0.044336384494296444
14956,0.10284272989693292
14957,0.044336384494296444
14958,0.044336384494296444
14959,0.044336384494296444
14960,0.044336384494296444
14961,0.044336384494296444
14962,0.044336384494296444
14963,0.044336384494296444
14964,0.044336384494296444
14965,0.044336384494296444
14966,0.044336384494296444
14967,0.044336384494296444
14968,0.48604892142667305
14969,0.2129816564922431
14970,0.044336384494296444
14971,0.044336384494296444
14972,0.044336384494296444
14973,0.5026140792668731
14974,0.044336384494296444
14975,0.044336384494296444
14976,0.044336384494296444
14977,0.044336384494296444
14978,0.044336384494296444
14979,0.044336384494296444
14980,0.044336384494296444
14981,0.044336384494296444
14982,0.044336384494296444
14983,0.044336384494296444
14984,0.044336384494296444
14985,0.044336384494296444
14986,0.044336384494296444
14987,0.2362406176004715
14988,0.044336384494296444
14989,0.044336384494296444
14990,0.044336384494296444
14991,0.044336384494296444
14992,0.044336384494296444
14993,0.044336384494296444
14994,0.5312037144963366
14995,0.044336384494296444
14996,0.044336384494296444
14997,0.044336384494296444
14998,0.044336384494296444
14999,0.19829736649361607
15000,0.12918652032361785
15001,0.044336384494296444
15002,0.044336384494296444
15003,0.044336384494296444
15004,0.044336384494296444
15005,0.044336384494296444
15006,0.044336384494296444
15007,0.044336384494296444
15008,0.044336384494296444
15009,0.044336384494296444
15010,0.044336384494296444
15011,0.04846894125173635
15012,0.45095291101777846
15013,0.5128262014311797
15014,0.044336384494296444
15015,0.044336384494296444
15016,0.044336384494296444
15017,0.35627147219225175
15018,0.4502832499884774
15019,0.4931379940994772
15020,0.648308238109764
15021,0.2362406176004715
15022,0.044336384494296444
15023,0.044336384494296444
15024,0.044336384494296444
15025,0.044336384494296444
15026,0.044440013049965824
15027,0.04991712459076184
15028,0.044336384494296444
15029,0.047977358097943866
15030,0.044336384494296444
15031,0.044336384494296444
15032,0.044336384494296444
15033,0.044336384494296444
15034,0.044336384494296444
15035,0.044336384494296444
15036,0.044336384494296444
15037,0.044336384494296444
15038,0.044336384494296444
15039,0.044336384494296444
15040,0.044336384494296444
15041,0.044336384494296444
15042,0.044336384494296444
15043,0.044336384494296444
15044,0.044336384494296444
15045,0.044336384494296444
15046,0.044336384494296444
15047,0.044336384494296444
15048,0.044336384494296444
15049,0.044336384494296444
15050,0.044336384494296444
15051,0.044336384494296444
15052,0.0514966660443734
15053,0.044336384494296444
15054,0.044336384494296444
15055,0.044336384494296444
15056,0.044336384494296444
15057,0.20536181553590008
15058,0.044336384494296444
15059,0.044336384494296444
15060,0.1046485687514066
15061,0.08018277813397721
15062,0.044336384494296444
15063,0.044336384494296444
15064,0.044336384494296444
15065,0.044336384494296444
15066,0.044336384494296444
15067,0.044336384494296444
15068,0.044336384494296444
15069,0.044336384494296444
15070,0.044336384494296444
15071,0.044336384494296444
15072,0.044336384494296444
15073,0.044336384494296444
15074,0.044336384494296444
15075,0.044336384494296444
15076,0.044336384494296444
15077,0.044336384494296444
15078,0.044336384494296444
15079,0.044336384494296444
15080,0.044336384494296444
15081,0.044336384494296444
15082,0.044336384494296444
15083,0.044336384494296444
15084,0.044336384494296444
15085,0.044336384494296444
15086,0.044336384494296444
15087,0.044336384494296444
15088,0.044336384494296444
15089,0.044336384494296444
15090,0.044336384494296444
15091,0.15248406851484017
15092,0.062139480680022195
15093,0.04465870533226258
15094,0.2362406176004715
15095,0.08558636486681702
15096,0.044336384494296444
15097,0.044336384494296444
15098,0.044336384494296444
15099,0.044336384494296444
15100,0.044336384494296444
15101,0.044336384494296444
15102,0.044336384494296444
15103,0.044336384494296444
15104,0.044336384494296444
15105,0.044336384494296444
15106,0.044336384494296444
15107,0.4927954329523385
15108,0.044336384494296444
15109,0.044336384494296444
15110,0.044336384494296444
15111,0.04846894125173635
15112,0.04846894125173635
15113,0.45095291101777846
15114,0.044336384494296444
15115,0.05309999205834978
15116,0.2362406176004715
15117,0.044336384494296444
15118,0.044336384494296444
15119,0.25920789636370273
15120,0.044336384494296444
15121,0.044336384494296444
15122,0.044336384494296444
15123,0.044336384494296444
15124,0.044336384494296444
15125,0.044336384494296444
15126,0.044336384494296444
15127,0.04465870533226258
15128,0.5464772076076259
15129,0.044336384494296444
15130,0.061508183390610253
15131,0.10860884054761652
15132,0.044336384494296444
15133,0.044336384494296444
15134,0.044336384494296444
15135,0.06940849241595315
15136,0.044336384494296444
15137,0.044336384494296444
15138,0.08558636486681702
15139,0.044336384494296444
15140,0.2362406176004715
15141,0.044336384494296444
15142,0.17353492869668669
15143,0.04778868072376861
15144,0.044336384494296444
15145,0.044336384494296444
15146,0.044336384494296444
15147,0.04778868072376861
15148,0.07284441761086229
15149,0.044336384494296444
15150,0.044336384494296444
15151,0.5034284123617413
15152,0.044336384494296444
15153,0.2362406176004715
15154,0.044336384494296444
15155,0.044336384494296444
15156,0.044336384494296444
15157,0.25920789636370273
15158,0.044336384494296444
15159,0.044336384494296444
15160,0.4732762008208962
15161,0.04522725709173056
15162,0.044336384494296444
15163,0.044336384494296444
15164,0.044336384494296444
15165,0.044336384494296444
15166,0.044336384494296444
15167,0.044336384494296444
15168,0.044336384494296444
15169,0.07030929010928344
15170,0.5310964801601735
15171,0.1816535047238685
15172,0.044336384494296444
15173,0.23455744760329827
15174,0.044336384494296444
15175,0.044336384494296444
15176,0.044336384494296444
15177,0.044336384494296444
15178,0.044336384494296444
15179,0.044336384494296444
15180,0.044336384494296444
15181,0.044336384494296444
15182,0.044336384494296444
15183,0.044336384494296444
15184,0.044336384494296444
15185,0.044336384494296444
15186,0.044336384494296444
15187,0.044336384494296444
15188,0.044336384494296444
15189,0.044336384494296444
15190,0.044336384494296444
15191,0.5026140792668731
15192,0.5026140792668731
15193,0.2362406176004715
15194,0.044336384494296444
15195,0.044336384494296444
15196,0.044336384494296444
15197,0.044336384494296444
15198,0.044336384494296444
15199,0.044336384494296444
15200,0.044336384494296444
15201,0.20298361319273642
15202,0.044336384494296444
15203,0.10609245218268198
15204,0.044336384494296444
15205,0.044336384494296444
15206,0.044336384494296444
15207,0.044336384494296444
15208,0.044336384494296444
15209,0.044336384494296444
15210,0.044336384494296444
15211,0.044336384494296444
15212,0.044336384494296444
15213,0.044336384494296444
15214,0.044336384494296444
15215,0.044336384494296444
15216,0.044336384494296444
15217,0.044336384494296444
15218,0.044336384494296444
15219,0.044336384494296444
15220,0.044336384494296444
15221,0.044336384494296444
15222,0.23455744760329827
15223,0.044336384494296444
15224,0.044336384494296444
15225,0.044336384494296444
15226,0.044336384494296444
15227,0.044336384494296444
15228,0.044336384494296444
15229,0.044336384494296444
15230,0.044336384494296444
15231,0.044336384494296444
15232,0.044336384494296444
15233,0.044336384494296444
15234,0.044336384494296444
15235,0.044336384494296444
15236,0.044336384494296444
15237,0.044336384494296444
15238,0.044336384494296444
15239,0.044336384494296444
15240,0.044336384494296444
15241,0.09537633483311389
15242,0.42669604958937657
15243,0.044336384494296444
15244,0.0449896337931895
15245,0.044336384494296444
15246,0.044336384494296444
15247,0.044336384494296444
15248,0.044336384494296444
15249,0.044336384494296444
15250,0.044336384494296444
15251,0.044336384494296444
15252,0.044336384494296444
15253,0.09537633483311389
15254,0.044336384494296444
15255,0.044336384494296444
15256,0.044336384494296444
15257,0.044336384494296444
15258,0.044336384494296444
15259,0.044336384494296444
15260,0.044336384494296444
15261,0.044336384494296444
15262,0.044336384494296444
15263,0.044336384494296444
15264,0.044336384494296444
15265,0.044336384494296444
15266,0.044336384494296444
15267,0.044336384494296444
15268,0.044336384494296444
15269,0.044336384494296444
15270,0.044336384494296444
15271,0.044336384494296444
15272,0.044336384494296444
15273,0.044336384494296444
15274,0.044336384494296444
15275,0.044336384494296444
15276,0.044336384494296444
15277,0.044336384494296444
15278,0.044336384494296444
15279,0.044336384494296444
15280,0.044336384494296444
15281,0.044336384494296444
15282,0.044336384494296444
15283,0.044336384494296444
15284,0.044336384494296444
15285,0.044336384494296444
15286,0.044336384494296444
15287,0.32112049610291915
15288,0.044336384494296444
15289,0.044336384494296444
15290,0.044336384494296444
15291,0.044336384494296444
15292,0.044336384494296444
15293,0.044336384494296444
15294,0.044336384494296444
15295,0.044336384494296444
15296,0.044336384494296444
15297,0.044336384494296444
15298,0.044336384494296444
15299,0.24624397040465834
15300,0.590237370809838
15301,0.044336384494296444
15302,0.4767082017882895
15303,0.044336384494296444
15304,0.06459558075928895
15305,0.04465870533226258
15306,0.044336384494296444
15307,0.044336384494296444
15308,0.044336384494296444
15309,0.044336384494296444
15310,0.044336384494296444
15311,0.044336384494296444
15312,0.044336384494296444
15313,0.044336384494296444
15314,0.044336384494296444
15315,0.044336384494296444
15316,0.044336384494296444
15317,0.044336384494296444
15318,0.044336384494296444
15319,0.4767082017882895
15320,0.044336384494296444
15321,0.044336384494296444
15322,0.044336384494296444
15323,0.044336384494296444
15324,0.044336384494296444
15325,0.2362406176004715
15326,0.044336384494296444
15327,0.044336384494296444
15328,0.044336384494296444
15329,0.044336384494296444
15330,0.044336384494296444
15331,0.044336384494296444
15332,0.044336384494296444
15333,0.044336384494296444
15334,0.044336384494296444
15335,0.044336384494296444
15336,0.1528528644333091
15337,0.04465870533226258
15338,0.044336384494296444
15339,0.044336384494296444
15340,0.6610562591751211
15341,0.07550418333416375
15342,0.044336384494296444
15343,0.044336384494296444
15344,0.044336384494296444
15345,0.044336384494296444
15346,0.5058095833909658
15347,0.5058095833909658
15348,0.044336384494296444
15349,0.044336384494296444
15350,0.044336384494296444
15351,0.044336384494296444
15352,0.04465701282194709
15353,0.044336384494296444
15354,0.044336384494296444
15355,0.044336384494296444
15356,0.0447971003569611
15357,0.044336384494296444
15358,0.3410357063323317
15359,0.044336384494296444
15360,0.044336384494296444
15361,0.044336384494296444
15362,0.044336384494296444
15363,0.2362406176004715
15364,0.044336384494296444
15365,0.044336384494296444
15366,0.044336384494296444
15367,0.044336384494296444
15368,0.044336384494296444
15369,0.044336384494296444
15370,0.044336384494296444
15371,0.044336384494296444
15372,0.044336384494296444
15373,0.044336384494296444
15374,0.044336384494296444
15375,0.044336384494296444
15376,0.537029517794244
15377,0.044336384494296444
15378,0.044336384494296444
15379,0.044336384494296444
15380,0.044336384494296444
15381,0.044336384494296444
15382,0.044336384494296444
15383,0.537029517794244
15384,0.044777169477554515
15385,0.044336384494296444
15386,0.044336384494296444
15387,0.044336384494296444
15388,0.10770503650320204
15389,0.06941238306234915
15390,0.044336384494296444
15391,0.044336384494296444
15392,0.044336384494296444
15393,0.044336384494296444
15394,0.044336384494296444
15395,0.044336384494296444
15396,0.044336384494296444
15397,0.044336384494296444
15398,0.4220161548660974
15399,0.044336384494296444
15400,0.044336384494296444
15401,0.044336384494296444
15402,0.044336384494296444
15403,0.044336384494296444
15404,0.052722070227936554
15405,0.044336384494296444
15406,0.044336384494296444
15407,0.044336384494296444
15408,0.044336384494296444
15409,0.044336384494296444
15410,0.044336384494296444
15411,0.044336384494296444
15412,0.056322070227936526
15413,0.044336384494296444
15414,0.11453542019212302
15415,0.044336384494296444
15416,0.13411998983889858
15417,0.379544222731038
15418,0.07462565532610603
15419,0.09725964296909949
15420,0.044336384494296444
15421,0.044336384494296444
15422,0.044336384494296444
15423,0.044336384494296444
15424,0.044336384494296444
15425,0.044336384494296444
15426,0.11902585101848284
15427,0.04687626679410929
15428,0.05093139963653172
15429,0.044336384494296444
15430,0.06595104395678528
15431,0.044336384494296444
15432,0.15306754672484377
15433,0.044336384494296444
15434,0.044336384494296444
15435,0.044336384494296444
15436,0.044336384494296444
15437,0.19489597361003758
15438,0.09656538259905557
15439,0.04676720744886731
15440,0.044336384494296444
15441,0.04455244162358907
15442,0.044336384494296444
15443,0.04458867948861377
15444,0.0447971003569611
15445,0.379544222731038
15446,0.07462565532610603
15447,0.13411998983889858
15448,0.044336384494296444
15449,0.044336384494296444
15450,0.044336384494296444
15451,0.044336384494296444
15452,0.044336384494296444
15453,0.044336384494296444
15454,0.044336384494296444
15455,0.044336384494296444
15456,0.044336384494296444
15457,0.044336384494296444
15458,0.044336384494296444
15459,0.07719462013665315
15460,0.06999462013665313
15461,0.06599462013665304
15462,0.044336384494296444
15463,0.044336384494296444
15464,0.044336384494296444
15465,0.044336384494296444
15466,0.044336384494296444
15467,0.044336384494296444
15468,0.4011637155909563
15469,0.044336384494296444
15470,0.4011637155909563
15471,0.044336384494296444
15472,0.044336384494296444
15473,0.044336384494296444
15474,0.044336384494296444
15475,0.044336384494296444
15476,0.044336384494296444
15477,0.044336384494296444
15478,0.044336384494296444
15479,0.044336384494296444
15480,0.044336384494296444
15481,0.044336384494296444
15482,0.044336384494296444
15483,0.044336384494296444
15484,0.044336384494296444
15485,0.05579223431597923
15486,0.044336384494296444
15487,0.044336384494296444
15488,0.044336384494296444
15489,0.044336384494296444
15490,0.05579223431597923
15491,0.044336384494296444
15492,0.044336384494296444
15493,0.4867983418306347
15494,0.1926999460923572
15495,0.06322913327158171
15496,0.044336384494296444
15497,0.044336384494296444
15498,0.044336384494296444
15499,0.044336384494296444
15500,0.044336384494296444
15501,0.044336384494296444
15502,0.044336384494296444
15503,0.044336384494296444
15504,0.044336384494296444
15505,0.044336384494296444
15506,0.044336384494296444
15507,0.08470394156514992
15508,0.044336384494296444
15509,0.044336384494296444
15510,0.044336384494296444
15511,0.044336384494296444
15512,0.044336384494296444
15513,0.044336384494296444
15514,0.044336384494296444
15515,0.044336384494296444
15516,0.044336384494296444
15517,0.044336384494296444
15518,0.044336384494296444
15519,0.044336384494296444
15520,0.04469348464377329
15521,0.044336384494296444
15522,0.04469348464377329
15523,0.044336384494296444
15524,0.044336384494296444
15525,0.044336384494296444
15526,0.044336384494296444
15527,0.044336384494296444
15528,0.044336384494296444
15529,0.044336384494296444
15530,0.044336384494296444
15531,0.044336384494296444
15532,0.044336384494296444
15533,0.044336384494296444
15534,0.044336384494296444
15535,0.044336384494296444
15536,0.044336384494296444
15537,0.044336384494296444
15538,0.044336384494296444
15539,0.044336384494296444
15540,0.044336384494296444
15541,0.044336384494296444
15542,0.044336384494296444
15543,0.044336384494296444
15544,0.044336384494296444
15545,0.044336384494296444
15546,0.044293081205238886
15547,0.05961245594771065
15548,0.044293081205238886
15549,0.044336384494296444
15550,0.044336384494296444
15551,0.047397808047459675
15552,0.046444036865917186
15553,0.044336384494296444
15554,0.044336384494296444
15555,0.044336384494296444
15556,0.044336384494296444
15557,0.044336384494296444
15558,0.044336384494296444
15559,0.044336384494296444
15560,0.044336384494296444
15561,0.044336384494296444
15562,0.044336384494296444
15563,0.044336384494296444
15564,0.044336384494296444
15565,0.044336384494296444
15566,0.044336384494296444
15567,0.044336384494296444
15568,0.044336384494296444
15569,0.044336384494296444
15570,0.044336384494296444
15571,0.044336384494296444
15572,0.044336384494296444
15573,0.044336384494296444
15574,0.044336384494296444
15575,0.044336384494296444
15576,0.05500397964923942
15577,0.044336384494296444
15578,0.044336384494296444
15579,0.044336384494296444
15580,0.046444036865917186
15581,0.05961245594771065
15582,0.044336384494296444
15583,0.06521735403595297
15584,0.044336384494296444
15585,0.13860433105797723
15586,0.3063198351320356
15587,0.07603660147817477
15588,0.0442625296810688
15589,0.044336384494296444
15590,0.044336384494296444
15591,0.10435122604236603
15592,0.044336384494296444
15593,0.07462565532610603
15594,0.044336384494296444
15595,0.044336384494296444
15596,0.044336384494296444
15597,0.044336384494296444
15598,0.044336384494296444
15599,0.3831971876971968
15600,0.044336384494296444
15601,0.08923869889115726
15602,0.044336384494296444
15603,0.044336384494296444
15604,0.044336384494296444
15605,0.044336384494296444
15606,0.044336384494296444
15607,0.044336384494296444
15608,0.6610562591751211
15609,0.044336384494296444
15610,0.044336384494296444
15611,0.1621959045556424
15612,0.044336384494296444
15613,0.044336384494296444
15614,0.044336384494296444
15615,0.044336384494296444
15616,0.7895041943674936
15617,0.044336384494296444
15618,0.044336384494296444
15619,0.044336384494296444
15620,0.044336384494296444
15621,0.044336384494296444
15622,0.044336384494296444
15623,0.24652102467455983
15624,0.044336384494296444
15625,0.044336384494296444
15626,0.044336384494296444
15627,0.044336384494296444
15628,0.044336384494296444
15629,0.044336384494296444
15630,0.04620584025243795
15631,0.43042303596177195
15632,0.044336384494296444
15633,0.048459131186972336
15634,0.39396021618810223
15635,0.04658967542883084
15636,0.044336384494296444
15637,0.14646941079981493
15638,0.044336384494296444
15639,0.19560795856570137
15640,0.05659194817358295
15641,0.044336384494296444
15642,0.044336384494296444
15643,0.044336384494296444
15644,0.044336384494296444
15645,0.044336384494296444
15646,0.044336384494296444
15647,0.044336384494296444
15648,0.044336384494296444
15649,0.044336384494296444
15650,0.34023237655977967
15651,0.044336384494296444
15652,0.044336384494296444
15653,0.044336384494296444
15654,0.044336384494296444
15655,0.044336384494296444
15656,0.044336384494296444
15657,0.20831948045265247
15658,0.044336384494296444
15659,0.044336384494296444
15660,0.044336384494296444
15661,0.044336384494296444
15662,0.5150810948907709
15663,0.044336384494296444
15664,0.19670899415769305
15665,0.044336384494296444
15666,0.044336384494296444
15667,0.044336384494296444
15668,0.044336384494296444
15669,0.044336384494296444
15670,0.044336384494296444
15671,0.044336384494296444
15672,0.051381601535470105
15673,0.625620913721171
15674,0.5121847765783056
15675,0.04776502340898686
15676,0.04547081212096989
15677,0.04547081212096989
15678,0.044336384494296444
15679,0.04452482137695153
15680,0.044336384494296444
15681,0.044336384494296444
15682,0.044336384494296444
15683,0.044336384494296444
15684,0.04454357137695152
15685,0.044336384494296444
15686,0.044336384494296444
15687,0.044336384494296444
15688,0.044336384494296444
15689,0.044336384494296444
15690,0.044336384494296444
15691,0.044336384494296444
15692,0.044336384494296444
15693,0.044336384494296444
15694,0.044336384494296444
15695,0.044336384494296444
15696,0.044336384494296444
15697,0.044336384494296444
15698,0.046789882920461955
15699,0.044336384494296444
15700,0.11773707519302418
15701,0.044336384494296444
15702,0.044336384494296444
15703,0.04661613420873346
15704,0.044336384494296444
15705,0.044336384494296444
15706,0.044336384494296444
15707,0.044336384494296444
15708,0.044336384494296444
15709,0.044336384494296444
15710,0.044336384494296444
15711,0.044336384494296444
15712,0.044336384494296444
15713,0.044336384494296444
15714,0.044336384494296444
15715,0.044336384494296444
15716,0.044336384494296444
15717,0.044336384494296444
15718,0.044336384494296444
15719,0.044336384494296444
15720,0.044336384494296444
15721,0.044336384494296444
15722,0.044336384494296444
15723,0.044336384494296444
15724,0.044336384494296444
15725,0.044336384494296444
15726,0.044336384494296444
15727,0.044336384494296444
15728,0.044336384494296444
15729,0.044336384494296444
15730,0.1199222147451697
15731,0.5007510843731777
15732,0.21588346948225545
15733,0.044336384494296444
15734,0.044336384494296444
15735,0.044336384494296444
15736,0.044336384494296444
15737,0.061182826570572765
15738,0.044336384494296444
15739,0.044336384494296444
15740,0.044336384494296444
15741,0.04429088617753452
15742,0.05500397964923942
15743,0.044336384494296444
15744,0.044336384494296444
15745,0.044336384494296444
15746,0.044336384494296444
15747,0.044336384494296444
15748,0.044336384494296444
15749,0.044336384494296444
15750,0.044336384494296444
15751,0.044336384494296444
15752,0.044336384494296444
15753,0.044336384494296444
15754,0.044336384494296444
15755,0.044336384494296444
15756,0.044336384494296444
15757,0.044336384494296444
15758,0.044336384494296444
15759,0.11955783284531386
15760,0.044336384494296444
15761,0.044336384494296444
15762,0.044336384494296444
15763,0.044336384494296444
15764,0.044336384494296444
15765,0.044336384494296444
15766,0.044336384494296444
